$ 1 0.000005 382.76258214399064 64 7 50 5e-11
w -352 192 -352 224 0
w -352 224 -288 224 0
c -352 224 -352 288 0 3.3e-7 1.6823483806819715 0.001
g -352 304 -352 320 0 0
w -352 16 -224 16 0
R -384 16 -416 16 0 0 40 3 0 0 0.5
165 -288 96 -272 96 6 2.9999999700000006
w -352 192 -304 192 0
w -304 192 -288 192 0
g -224 304 -224 320 0 0
164 -96 160 -64 160 8192 5 3 3 0 0 0 0 false 0
207 -144 208 -96 208 4 clk
w 16 192 0 192 0
I 144 192 192 192 0 0.5 3
I 144 144 192 144 0 0.5 3
I 144 240 192 240 0 0.5 3
I 144 336 192 336 0 0.5 3
I 144 288 192 288 0 0.5 3
w 144 336 96 336 0
w 0 160 80 160 0
w 80 160 80 144 0
w 80 144 144 144 0
w 112 192 16 192 0
w 0 224 112 224 0
w 112 224 112 240 0
w 112 240 144 240 0
w 0 256 64 256 0
w 64 256 64 288 0
w 64 288 144 288 0
w 96 336 0 336 0
w 0 336 0 288 0
150 480 -64 576 -64 0 4 0 2.5
150 480 32 576 32 0 4 2.5 2.5
150 480 128 576 128 0 4 0 2.5
150 480 416 576 416 0 4 0 2.5
150 480 320 576 320 0 4 2.5 2.5
150 480 224 576 224 0 4 0 2.5
w 480 -48 480 -32 0
w 192 144 192 -96 0
w 192 -96 480 -96 0
w 480 -80 224 -80 0
w 224 -80 224 288 0
w 224 288 192 288 0
w 192 336 240 336 0
w 240 336 240 -32 0
w 240 -32 480 -32 0
w 480 0 480 16 0
w 480 48 480 64 0
w 192 240 256 240 0
w 256 240 256 0 0
w 256 0 480 0 0
w 480 64 272 64 0
w 272 64 272 336 0
w 272 336 240 336 0
w 480 160 480 144 0
w 480 160 304 160 0
w 304 160 304 288 0
w 304 288 224 288 0
w 480 192 320 192 0
w 320 192 320 144 0
w 320 144 192 144 0
w 480 96 432 96 0
w 432 96 320 96 0
w 320 96 320 144 0
w 480 256 480 240 0
w 272 336 320 336 0
w 320 336 320 256 0
w 320 256 480 256 0
w 480 288 448 288 0
w 480 112 112 112 0
w 112 112 112 192 0
w 144 192 112 192 0
w 112 192 112 208 0
w 112 208 480 208 0
w 448 288 336 288 0
w 336 288 336 368 0
w 336 368 96 368 0
w 80 160 80 368 0
w 80 368 96 368 0
w 192 192 208 192 0
w 208 192 208 304 0
w 208 304 480 304 0
w 256 240 256 320 0
w 256 320 480 320 0
w 480 320 480 336 0
w 480 352 304 352 0
w 304 352 304 288 0
w 480 384 336 384 0
w 336 384 336 368 0
w 208 304 208 384 0
w 208 384 208 400 0
w 208 400 480 400 0
w 64 288 64 432 0
w 64 432 480 432 0
w 480 448 240 448 0
w 240 448 240 336 0
152 688 128 784 128 0 4 3 3
152 592 320 688 320 0 4 3 3
w 592 336 592 352 0
w 592 416 592 352 0
w 576 320 576 304 0
w 576 224 576 288 0
w 688 320 688 160 0
w 688 128 688 144 0
w 576 32 576 112 0
w 688 -64 688 96 0
162 816 128 816 192 2 default-led 1 0 0 0.01
g 816 192 816 224 0 0
w 784 128 816 128 0
207 816 128 864 128 4 out
r -352 192 -352 128 0 1000000
w -288 128 -352 128 0
r -352 128 -352 64 0 10000
w -352 64 -352 16 0
w -224 64 -224 16 0
w -160 128 -160 16 0
w -160 16 -224 16 0
c -224 256 -224 304 0 1e-8 1.9999999999999996 0.001
g -192 304 -192 320 0 0
w -192 304 -192 256 0
w -352 304 -352 288 0
w -160 160 -96 160 0
w -144 208 -160 160 0
w -384 16 -352 16 0
w 688 -64 576 -64 0
w 688 112 576 112 0
w 688 128 576 128 0
w 592 288 576 288 0
w 592 416 576 416 0
w 592 304 576 304 0
o 11 1024 0 36874 5 0.1 0 2 11 3
o 109 1024 0 4106 5 0.1 1 2 109 3
